Hay   322 308 1138 367   0
Peter   322 308 1138 367   0
W.   322 308 1138 367   0
141   322 308 1138 367   0
Seventh   322 308 1138 367   0
av.   322 308 1138 367   0
Hecker   322 425 1117 479   0
&   322 425 1117 479   0
Brothers,   322 425 1117 479   0
483   322 425 1117 479   0
Pearl   322 425 1117 479   0
Hecket   323 480 1091 537   0
John,   323 480 1091 537   0
511   323 480 1091 537   0
Eighth   323 480 1091 537   0
av.   323 480 1091 537   0
Hein   319 595 1063 642   0
Jacob   319 595 1063 642   0
G.   319 595 1063 642   0
146   319 595 1063 642   0
Houston   319 595 1063 642   0
Heiss   319 652 935 707   0
Paul,   319 652 935 707   0
46   319 652 935 707   0
Orchard   319 652 935 707   0
Heissenbuttel   318 708 1196 758   0
Fred.   318 708 1196 758   0
228   318 708 1196 758   0
William   318 708 1196 758   0
Heissenbuttle   316 765 1165 823   0
Christian,   316 765 1165 823   0
48   316 765 1165 823   0
Oak   316 765 1165 823   0
Held   317 823 1053 875   0
Heinrich,   317 823 1053 875   0
252   317 823 1053 875   0
Stanton   317 823 1053 875   0
Herle   317 879 934 938   0
John,   317 879 934 938   0
306   317 879 934 938   0
Eighth   317 879 934 938   0
Hertfelder   315 936 1121 995   0
George,   315 936 1121 995   0
49   315 936 1121 995   0
Jackson   315 936 1121 995   0
Hesler   314 1051 961 1106   0
Jacob,   314 1051 961 1106   0
211   314 1051 961 1106   0
Third   314 1051 961 1106   0
Hill   309 1336 937 1394   0
William,   309 1336 937 1394   0
370   309 1336 937 1394   0
Sixth   309 1336 937 1394   0
Hinsohn   308 1512 1098 1568   0
Ernst,   308 1512 1098 1568   0
32   308 1512 1098 1568   0
Second   308 1512 1098 1568   0
av.   308 1512 1098 1568   0
Hitzelberger   307 1626 1252 1686   0
Christ'r,   307 1626 1252 1686   0
159   307 1626 1252 1686   0
Eighth   307 1626 1252 1686   0
av.   307 1626 1252 1686   0
Hoar   307 1682 1030 1735   0
John   307 1682 1030 1735   0
A.   307 1682 1030 1735   0
95   307 1682 1030 1735   0
Ninth   307 1682 1030 1735   0
av.   307 1682 1030 1735   0
Hoehn   306 1740 913 1795   0
Martin,   306 1740 913 1795   0
6   306 1740 913 1795   0
Pearl   306 1740 913 1795   0
Hoffman   304 1854 1079 1915   0
George,   304 1854 1079 1915   0
25   304 1854 1079 1915   0
Broome   304 1854 1079 1915   0
Holmes   306 1968 942 2028   0
John,   306 1968 942 2028   0
338   306 1968 942 2028   0
Sixth   306 1968 942 2028   0
Homer   303 2081 989 2144   0
Henry,   303 2081 989 2144   0
37   303 2081 989 2144   0
Charles   303 2081 989 2144   0
Horan   299 2252 949 2310   0
John,   299 2252 949 2310   0
472   299 2252 949 2310   0
Fourth   299 2252 949 2310   0
Howe   300 2425 1216 2494   0
Benjamin   300 2425 1216 2494   0
F.   300 2425 1216 2494   0
423   300 2425 1216 2494   0
Broadway   300 2425 1216 2494   0
Hughes   295 2652 1130 2714   0
Henry,   295 2652 1130 2714   0
135   295 2652 1130 2714   0
Hammond   295 2652 1130 2714   0
Humbert   296 2710 1059 2771   0
W.   296 2710 1059 2771   0
B.   296 2710 1059 2771   0
220   296 2710 1059 2771   0
Bowery   296 2710 1059 2771   0
Hunt   296 2823 985 2872   0
E.   296 2823 985 2872   0
D.   296 2823 985 2872   0
135   296 2823 985 2872   0
Ninth   296 2823 985 2872   0
av.   296 2823 985 2872   0
Hunt   293 2880 1091 2938   0
Henry   293 2880 1091 2938   0
G.   293 2880 1091 2938   0
87   293 2880 1091 2938   0
Hammond   293 2880 1091 2938   0
Hunter   293 2937 1068 2992   0
Charles,   293 2937 1068 2992   0
353   293 2937 1068 2992   0
Twelfth   293 2937 1068 2992   0
Hunter   292 2994 1094 3051   0
John,   292 2994 1094 3051   0
128   292 2994 1094 3051   0
Seventh   292 2994 1094 3051   0
av.   292 2994 1094 3051   0
Hunter   292 3051 954 3107   0
John,   292 3051 954 3107   0
208   292 3051 954 3107   0
Av.   292 3051 954 3107   0
A   292 3051 954 3107   0
Huyler   289 3165 908 3224   0
David,   289 3165 908 3224   0
43   289 3165 908 3224   0
Troy   289 3165 908 3224   0
Jackson   289 3222 1072 3275   0
John   289 3222 1072 3275   0
B.   289 3222 1072 3275   0
75   289 3222 1072 3275   0
Sixth   289 3222 1072 3275   0
av.   289 3222 1072 3275   0
Jackson   288 3278 1123 3337   0
William,   288 3278 1123 3337   0
285   288 3278 1123 3337   0
Bleecker   288 3278 1123 3337   0
Johnson   289 3335 1176 3393   0
William,   289 3335 1176 3393   0
451   289 3335 1176 3393   0
Greenwich   289 3335 1176 3393   0
Johnston   288 3392 1065 3445   0
James   288 3392 1065 3445   0
O.   288 3392 1065 3445   0
5   288 3392 1065 3445   0
Market   288 3392 1065 3445   0
Jones   1300 315 2063 375   0
Rebecca,   1300 315 2063 375   0
200   1300 315 2063 375   0
Division   1300 315 2063 375   0
Kael   1300 430 1988 488   0
Charles,   1300 430 1988 488   0
429   1300 430 1988 488   0
Twelfth   1300 430 1988 488   0
Kaiser   1300 487 1974 548   0
Henry,   1300 487 1974 548   0
5   1300 487 1974 548   0
Chrystie   1300 487 1974 548   0
Kearns   1300 544 1913 603   0
John,   1300 544 1913 603   0
220   1300 544 1913 603   0
Mott   1300 544 1913 603   0
Keck   1299 601 1976 660   0
John,   1299 601 1976 660   0
27   1299 601 1976 660   0
Roosevelt   1299 601 1976 660   0
Kelly   1299 659 2001 716   0
James,   1299 659 2001 716   0
79   1299 659 2001 716   0
Beekman   1299 659 2001 716   0
Killian   1298 773 1978 823   0
John   1298 773 1978 823   0
A.   1298 773 1978 823   0
45   1298 773 1978 823   0
Av.   1298 773 1978 823   0
D   1298 773 1978 823   0
Kirk   1297 888 1980 944   0
David,   1297 888 1980 944   0
144   1297 888 1980 944   0
Sixth   1297 888 1980 944   0
av.   1297 888 1980 944   0
Klingler   1297 944 2140 1003   0
Christian,   1297 944 2140 1003   0
136   1297 944 2140 1003   0
Sullivan   1297 944 2140 1003   0
Knapp   1296 1001 2198 1065   0
William,   1296 1001 2198 1065   0
93   1296 1001 2198 1065   0
W.   1296 1001 2198 1065   0
Broadway   1296 1001 2198 1065   0
Knauer   1295 1059 1897 1120   0
John,   1295 1059 1897 1120   0
13   1295 1059 1897 1120   0
King   1295 1059 1897 1120   0
Knobloch   1294 1116 2030 1174   0
Adam,   1294 1116 2030 1174   0
91   1294 1116 2030 1174   0
Hester   1294 1116 2030 1174   0
Kobbe   1294 1173 2163 1224   0
Christian   1294 1173 2163 1224   0
H.   1294 1173 2163 1224   0
144   1294 1173 2163 1224   0
Laurens   1294 1173 2163 1224   0
Koerner   1292 1288 2093 1338   0
John   1292 1288 2093 1338   0
C.   1292 1288 2093 1338   0
260   1292 1288 2093 1338   0
Division   1292 1288 2093 1338   0
Kohler   1291 1345 2007 1407   0
Adam,   1291 1345 2007 1407   0
36   1291 1345 2007 1407   0
Anthony   1291 1345 2007 1407   0
Kollstadt   1291 1459 2041 1516   0
Jacob,   1291 1459 2041 1516   0
26   1291 1459 2041 1516   0
Sullivan   1291 1459 2041 1516   0
Konrad   1290 1516 1999 1572   0
John,   1290 1516 1999 1572   0
104   1290 1516 1999 1572   0
W.   1290 1516 1999 1572   0
30th   1290 1516 1999 1572   0
Kraber   1289 1573 2039 1634   0
Jacob,   1289 1573 2039 1634   0
15   1289 1573 2039 1634   0
Macdougal   1289 1573 2039 1634   0
Kramer   1287 1631 2014 1688   0
George,   1287 1631 2014 1688   0
272   1287 1631 2014 1688   0
Av.   1287 1631 2014 1688   0
A   1287 1631 2014 1688   0
Kunz   1284 1860 2045 1923   0
Daniel,   1284 1860 2045 1923   0
190   1284 1860 2045 1923   0
Eighth   1284 1860 2045 1923   0
av.   1284 1860 2045 1923   0
Landauer   1283 1918 2230 1979   0
Joseph,   1283 1918 2230 1979   0
232   1283 1918 2230 1979   0
&   1283 1918 2230 1979   0
234   1283 1918 2230 1979   0
Stanton   1283 1918 2230 1979   0
Lang   1281 1976 2001 2035   0
Alexander,   1281 1976 2001 2035   0
388   1281 1976 2001 2035   0
Pearl   1281 1976 2001 2035   0
Lang   1281 2034 2099 2094   0
Gotlieb,   1281 2034 2099 2094   0
160   1281 2034 2099 2094   0
Washington   1281 2034 2099 2094   0
Lauer   1279 2207 1884 2266   0
Jacob,   1279 2207 1884 2266   0
25   1279 2207 1884 2266   0
Av.   1279 2207 1884 2266   0
C   1279 2207 1884 2266   0
Lawrence   1278 2320 1978 2369   0
D.   1278 2320 1978 2369   0
F.   1278 2320 1978 2369   0
9   1278 2320 1978 2369   0
Goerck   1278 2320 1978 2369   0
Lediger   1276 2435 1964 2494   0
George,   1276 2435 1964 2494   0
33   1276 2435 1964 2494   0
Av.   1276 2435 1964 2494   0
A   1276 2435 1964 2494   0
Leys   1276 2492 1988 2550   0
James,   1276 2492 1988 2550   0
285   1276 2492 1988 2550   0
Tenth   1276 2492 1988 2550   0
av.   1276 2492 1988 2550   0
Lindemann   1275 2548 2153 2601   0
John   1275 2548 2153 2601   0
H.   1275 2548 2153 2601   0
135   1275 2548 2153 2601   0
W.   1275 2548 2153 2601   0
17th   1275 2548 2153 2601   0
Lockstand   1276 2604 2028 2666   0
James,   1276 2604 2028 2666   0
51   1276 2604 2028 2666   0
Prince   1276 2604 2028 2666   0
Logan   1275 2660 2037 2722   0
Alexander,   1275 2660 2037 2722   0
354   1275 2660 2037 2722   0
Ninth   1275 2660 2037 2722   0
Lozier   1275 2717 2020 2775   0
Sophia,   1275 2717 2020 2775   0
378   1275 2717 2020 2775   0
Bleecker   1275 2717 2020 2775   0
Luttrell   1275 2774 2071 2833   0
William,   1275 2774 2071 2833   0
316   1275 2774 2071 2833   0
W.   1275 2774 2071 2833   0
27th   1275 2774 2071 2833   0
Luxford   1275 2832 2117 2898   0
Edward,   1275 2832 2117 2898   0
180   1275 2832 2117 2898   0
Mulberry   1275 2832 2117 2898   0
Lynch   1274 2888 2214 2945   0
Bartholomew   1274 2888 2214 2945   0
W.   1274 2888 2214 2945   0
8   1274 2888 2214 2945   0
Clarkson   1274 2888 2214 2945   0
McArdal   1274 2945 2059 3006   0
Barney,   1274 2945 2059 3006   0
144   1274 2945 2059 3006   0
Walker   1274 2945 2059 3006   0
McBride   1274 3002 2142 3068   0
Samuel,   1274 3002 2142 3068   0
233   1274 3002 2142 3068   0
Thompson   1274 3002 2142 3068   0
McCann   1273 3059 2073 3122   0
Daniel,   1273 3059 2073 3122   0
84   1273 3059 2073 3122   0
Eighth   1273 3059 2073 3122   0
av.   1273 3059 2073 3122   0
McCanna   1272 3116 1985 3176   0
John,   1272 3116 1985 3176   0
313   1272 3116 1985 3176   0
Water   1272 3116 1985 3176   0
McCormack   1270 3288 2144 3348   0
Thomas,   1270 3288 2144 3348   0
143   1270 3288 2144 3348   0
E.   1270 3288 2144 3348   0
22d   1270 3288 2144 3348   0
McCormick   1270 3344 2176 3402   0
Wm.   1270 3344 2176 3402   0
406   1270 3344 2176 3402   0
Seventh   1270 3344 2176 3402   0
av.   1270 3344 2176 3402   0
McCutcheon   1269 3402 2172 3457   0
Wm.   1269 3402 2172 3457   0
537   1269 3402 2172 3457   0
Greenwich   1269 3402 2172 3457   0
Lawrence   1278 2378 1992 2435   0
E.   1278 2378 1992 2435   0
11½   1278 2378 1992 2435   0
Third   1278 2378 1992 2435   0
av.   1278 2378 1992 2435   0