Raymond   307 1302 1156 1359   0
Medad,   307 1302 1156 1359   0
121   307 1302 1156 1359   0
East   307 1302 1156 1359   0
26th   307 1302 1156 1359   0
Ward   307 1360 947 1416   0
Isaac,   307 1360 947 1416   0
112   307 1360 947 1416   0
Second   307 1360 947 1416   0
Clough   308 1706 1117 1762   0
Jacob   308 1706 1117 1762   0
H.   308 1706 1117 1762   0
75   308 1706 1117 1762   0
Cortlandt   308 1706 1117 1762   0
Decker   307 1763 1252 1819   0
Alfred,   307 1763 1252 1819   0
Pier   307 1763 1252 1819   0
1   307 1763 1252 1819   0
North   307 1763 1252 1819   0
River   307 1763 1252 1819   0
Deveau   307 1821 1175 1877   0
Samuel,   307 1821 1175 1877   0
Pier   307 1821 1175 1877   0
2   307 1821 1175 1877   0
N.   307 1821 1175 1877   0
River   307 1821 1175 1877   0
Lockyer   306 2050 1059 2107   0
Thomas,   306 2050 1059 2107   0
112   306 2050 1059 2107   0
South   306 2050 1059 2107   0
O'Connell   308 2107 1137 2164   0
Timothy,   308 2107 1137 2164   0
127   308 2107 1137 2164   0
Broad   308 2107 1137 2164   0
Agnew   307 2453 1112 2510   0
Peter,   307 2453 1112 2510   0
244   307 2453 1112 2510   0
Seventh   307 2453 1112 2510   0
av.   307 2453 1112 2510   0
Bennett   308 2625 1002 2684   0
E.   308 2625 1002 2684   0
163   308 2625 1002 2684   0
Broadway   308 2625 1002 2684   0
Cruikshank   310 2682 1193 2742   0
James,   310 2682 1193 2742   0
33   310 2682 1193 2742   0
Broadway   310 2682 1193 2742   0
Delavan   307 2797 1223 2844   0
Christian   307 2797 1223 2844   0
S.   307 2797 1223 2844   0
27   307 2797 1223 2844   0
Beekman   307 2797 1223 2844   0
Diefendorf   307 2854 1102 2909   0
David,   307 2854 1102 2909   0
128   307 2854 1102 2909   0
Fulton   307 2854 1102 2909   0
Fleming   309 2968 994 3025   0
John   309 2968 994 3025   0
B.   309 2968 994 3025   0
27   309 2968 994 3025   0
Wall   309 2968 994 3025   0
Fountain   308 3026 907 3071   0
A.   308 3026 907 3071   0
B.   308 3026 907 3071   0
1   308 3026 907 3071   0
Pine   308 3026 907 3071   0
Gellatly   310 3082 1080 3142   0
P.   310 3082 1080 3142   0
M.   310 3082 1080 3142   0
167   310 3082 1080 3142   0
Broadway   310 3082 1080 3142   0
Gibbs   310 3140 1117 3200   0
Aaron   310 3140 1117 3200   0
S.   310 3140 1117 3200   0
208   310 3140 1117 3200   0
Broadway   310 3140 1117 3200   0
Gresham   310 3198 1079 3258   0
George,   310 3198 1079 3258   0
11   310 3198 1079 3258   0
Old   310 3198 1079 3258   0
Slip   310 3198 1079 3258   0
Hawley   309 3255 1022 3312   0
David,   309 3255 1022 3312   0
151   309 3255 1022 3312   0
Fulton   309 3255 1022 3312   0
Lent   1287 330 2031 389   0
Theodore,   1287 330 2031 389   0
92   1287 330 2031 389   0
Leonard   1287 330 2031 389   0
Lyon   1287 388 2168 450   0
E.   1287 388 2168 450   0
Thomas,   1287 388 2168 450   0
161   1287 388 2168 450   0
Broadway   1287 388 2168 450   0
Nellis   1288 445 2003 504   0
R.   1288 445 2003 504   0
G.   1288 445 2003 504   0
260   1288 445 2003 504   0
Broadway   1288 445 2003 504   0
Newburger   1287 502 2202 560   0
William   1287 502 2202 560   0
A.   1287 502 2202 560   0
160   1287 502 2202 560   0
Av.   1287 502 2202 560   0
A   1287 502 2202 560   0
Plant   1288 617 2046 672   0
Brothers,   1288 617 2046 672   0
146   1288 617 2046 672   0
William   1288 617 2046 672   0
Potter   1289 674 1953 722   0
James   1289 674 1953 722   0
D.   1289 674 1953 722   0
11   1289 674 1953 722   0
Pine   1289 674 1953 722   0
Pyle   1289 731 1945 789   0
James,   1289 731 1945 789   0
114   1289 731 1945 789   0
Warren   1289 731 1945 789   0
Sergeant   1288 846 2040 903   0
James   1288 846 2040 903   0
W.   1288 846 2040 903   0
81   1288 846 2040 903   0
John   1288 846 2040 903   0
Simms   1288 904 2002 962   0
Thomas   1288 904 2002 962   0
T,   1288 904 2002 962   0
87   1288 904 2002 962   0
Wall   1288 904 2002 962   0
Spaulding   1289 960 2030 1019   0
M.   1289 960 2030 1019   0
B.   1289 960 2030 1019   0
1   1289 960 2030 1019   0
Cortlandt   1289 960 2030 1019   0
Thison   1286 1246 1900 1307   0
Henry,   1286 1246 1900 1307   0
54   1286 1246 1900 1307   0
Wall   1286 1246 1900 1307   0
Towne   1285 1304 1859 1360   0
Ezra,   1285 1304 1859 1360   0
86   1285 1304 1859 1360   0
Pearl   1285 1304 1859 1360   0
Townsend   1286 1361 2095 1412   0
Walter   1286 1361 2095 1412   0
W.   1286 1361 2095 1412   0
1   1286 1361 2095 1412   0
South   1286 1361 2095 1412   0
Wright   1285 1476 1867 1534   0
J.   1285 1476 1867 1534   0
128   1285 1476 1867 1534   0
Nassau   1285 1476 1867 1534   0
Aurerbach   1284 1768 2144 1823   0
Ezekiel,   1284 1768 2144 1823   0
122   1284 1768 2144 1823   0
Norfolk   1284 1768 2144 1823   0
Blanchet   1284 1940 2120 1994   0
Francis,   1284 1940 2120 1994   0
290   1284 1940 2120 1994   0
Sixth   1284 1940 2120 1994   0
av.   1284 1940 2120 1994   0
Brush   1284 1998 2087 2053   0
Philander,   1284 1998 2087 2053   0
121   1284 1998 2087 2053   0
Bedford   1284 1998 2087 2053   0
Busteed   1284 2055 2116 2111   0
George   1284 2055 2116 2111   0
W.   1284 2055 2116 2111   0
45   1284 2055 2116 2111   0
William   1284 2055 2116 2111   0
Chase   1287 2170 2086 2216   0
John   1287 2170 2086 2216   0
L.   1287 2170 2086 2216   0
145   1287 2170 2086 2216   0
Hammond   1287 2170 2086 2216   0
Covert   1287 2227 1890 2281   0
Jacob,   1287 2227 1890 2281   0
73   1287 2227 1890 2281   0
Wall   1287 2227 1890 2281   0
Cudbirth   1286 2342 2087 2397   0
Thomas,   1286 2342 2087 2397   0
14   1286 2342 2087 2397   0
Bethune   1286 2342 2087 2397   0
Denham   1283 2456 2083 2514   0
John,   1283 2456 2083 2514   0
124   1283 2456 2083 2514   0
Eighth   1283 2456 2083 2514   0
av.   1283 2456 2083 2514   0
Dickie   1284 2513 2086 2569   0
Patrick,   1284 2513 2086 2569   0
144   1284 2513 2086 2569   0
Chambers   1284 2513 2086 2569   0
Dorland   1284 2571 2086 2617   0
Gilbert   1284 2571 2086 2617   0
E.   1284 2571 2086 2617   0
82   1284 2571 2086 2617   0
Nassau   1284 2571 2086 2617   0
Falconer   1283 2628 2035 2686   0
Edward,   1283 2628 2035 2686   0
5   1283 2628 2035 2686   0
Mangin   1283 2628 2035 2686   0
Fisher   1283 2685 1968 2741   0
Robert,   1283 2685 1968 2741   0
179   1283 2685 1968 2741   0
Essex   1283 2685 1968 2741   0
Folsom   1283 2742 1998 2789   0
Charles   1283 2742 1998 2789   0
J.   1283 2742 1998 2789   0
10   1283 2742 1998 2789   0
Wall   1283 2742 1998 2789   0
Galpin   1285 2858 2026 2914   0
George,   1285 2858 2026 2914   0
335   1285 2858 2026 2914   0
Broome   1285 2858 2026 2914   0
Grey   1286 2972 1959 3031   0
Owen,   1286 2972 1959 3031   0
50   1286 2972 1959 3031   0
Mulberry   1286 2972 1959 3031   0
Hardman   1285 3145 2113 3207   0
Aaron,   1285 3145 2113 3207   0
142   1285 3145 2113 3207   0
Mulberry   1285 3145 2113 3207   0
Health   1286 3260 2068 3314   0
Francis,   1286 3260 2068 3314   0
20   1286 3260 2068 3314   0
Chambers   1286 3260 2068 3314   0
Jacks   1286 3490 1973 3546   0
James,   1286 3490 1973 3546   0
64   1286 3490 1973 3546   0
Ninth   1286 3490 1973 3546   0
av.   1286 3490 1973 3546   0