Raymond   307 1302 1156 1359   0
Medad,   307 1302 1156 1359   0
121   307 1302 1156 1359   0
East   307 1302 1156 1359   0
26th   307 1302 1156 1359   0
Ward   307 1360 947 1416   0
Isaac,   307 1360 947 1416   0
112   307 1360 947 1416   0
Second   307 1360 947 1416   0
Clough   308 1706 1117 1762   0
Jacob   308 1706 1117 1762   0
H.   308 1706 1117 1762   0
75   308 1706 1117 1762   0
Cortlandt   308 1706 1117 1762   0
Decker   307 1763 1252 1819   0
Alfred,   307 1763 1252 1819   0
Pier   307 1763 1252 1819   0
1   307 1763 1252 1819   0
North   307 1763 1252 1819   0
River   307 1763 1252 1819   0
Deveau   307 1821 1175 1877   0
Samuel,   307 1821 1175 1877   0
Pier   307 1821 1175 1877   0
2   307 1821 1175 1877   0
N.   307 1821 1175 1877   0
River   307 1821 1175 1877   0
Lockyer   306 2050 1059 2107   0
Thomas,   306 2050 1059 2107   0
112   306 2050 1059 2107   0
South   306 2050 1059 2107   0
O'Connell   308 2107 1137 2164   0
Timothy,   308 2107 1137 2164   0
127   308 2107 1137 2164   0
Broad   308 2107 1137 2164   0
Agnew   307 2453 1112 2510   0
Peter,   307 2453 1112 2510   0
244   307 2453 1112 2510   0
Seventh   307 2453 1112 2510   0
av.   307 2453 1112 2510   0
Bennett   308 2625 1002 2684   0
E.   308 2625 1002 2684   0
163   308 2625 1002 2684   0
Broadway   308 2625 1002 2684   0
Cruikshank   310 2682 1193 2742   0
James,   310 2682 1193 2742   0
33   310 2682 1193 2742   0
Broadway   310 2682 1193 2742   0
Delavan   307 2797 1223 2844   0
Christian   307 2797 1223 2844   0
S.   307 2797 1223 2844   0
27   307 2797 1223 2844   0
Beekman   307 2797 1223 2844   0
Diefendorf   307 2854 1102 2909   0
David,   307 2854 1102 2909   0
128   307 2854 1102 2909   0
Fulton   307 2854 1102 2909   0
Fleming   309 2968 994 3025   0
John   309 2968 994 3025   0
B.   309 2968 994 3025   0
27   309 2968 994 3025   0
Wall   309 2968 994 3025   0
Fountain   308 3026 907 3071   0
A.   308 3026 907 3071   0
B.   308 3026 907 3071   0
1   308 3026 907 3071   0
Pine   308 3026 907 3071   0
Gellatly   310 3082 1080 3142   0
P.   310 3082 1080 3142   0
M.   310 3082 1080 3142   0
167   310 3082 1080 3142   0
Broadway   310 3082 1080 3142   0
Gibbs   310 3140 1117 3200   0
Aaron   310 3140 1117 3200   0
S.   310 3140 1117 3200   0
208   310 3140 1117 3200   0
Broadway   310 3140 1117 3200   0
Gresham   310 3198 1079 3258   0
George,   310 3198 1079 3258   0
11   310 3198 1079 3258   0
Old   310 3198 1079 3258   0
Slip   310 3198 1079 3258   0
Hawley   309 3255 1022 3312   0
David,   309 3255 1022 3312   0
151   309 3255 1022 3312   0
Fulton   309 3255 1022 3312   0
Lent   1287 330 2031 389   0
Theodore,   1287 330 2031 389   0
92   1287 330 2031 389   0
Leonard   1287 330 2031 389   0
Lyon   1287 388 2168 450   0
E.   1287 388 2168 450   0
Thomas,   1287 388 2168 450   0
161   1287 388 2168 450   0
Broadway   1287 388 2168 450   0
Nellis   1288 445 2003 504   0
R.   1288 445 2003 504   0
G.   1288 445 2003 504   0
260   1288 445 2003 504   0
Broadway   1288 445 2003 504   0
Newburger   1287 502 2202 560   0
William   1287 502 2202 560   0
A.   1287 502 2202 560   0
160   1287 502 2202 560   0
Av.   1287 502 2202 560   0
A   1287 502 2202 560   0
Plant   1288 617 2046 672   0
Brothers,   1288 617 2046 672   0
146   1288 617 2046 672   0
William   1288 617 2046 672   0
Potter   1289 674 1953 722   0
James   1289 674 1953 722   0
D.   1289 674 1953 722   0
11   1289 674 1953 722   0
Pine   1289 674 1953 722   0
Pyle   1289 731 1945 789   0
James,   1289 731 1945 789   0
114   1289 731 1945 789   0
Warren   1289 731 1945 789   0
Sergeant   1288 846 2040 903   0
James   1288 846 2040 903   0
W.   1288 846 2040 903   0
81   1288 846 2040 903   0
John   1288 846 2040 903   0
Simms   1288 904 2002 962   0
Thomas   1288 904 2002 962   0
T,   1288 904 2002 962   0
87   1288 904 2002 962   0
Wall   1288 904 2002 962   0
Spaulding   1289 960 2030 1019   0
M.   1289 960 2030 1019   0
B.   1289 960 2030 1019   0
1   1289 960 2030 1019   0
Cortlandt   1289 960 2030 1019   0
Thison   1286 1246 1900 1307   0
Henry,   1286 1246 1900 1307   0
54   1286 1246 1900 1307   0
Wall   1286 1246 1900 1307   0
Towne   1285 1304 1859 1360   0
Ezra,   1285 1304 1859 1360   0
86   1285 1304 1859 1360   0
Pearl   1285 1304 1859 1360   0
Townsend   1286 1361 2095 1412   0
Walter   1286 1361 2095 1412   0
W.   1286 1361 2095 1412   0
1   1286 1361 2095 1412   0
South   1286 1361 2095 1412   0
Wright   1285 1476 1867 1534   0
J.   1285 1476 1867 1534   0
128   1285 1476 1867 1534   0
Nassau   1285 1476 1867 1534   0
Aurerbach   1284 1768 2144 1823   0
Ezekiel,   1284 1768 2144 1823   0
122   1284 1768 2144 1823   0
Norfolk   1284 1768 2144 1823   0
Blanchet   1284 1940 2120 1994   0
Francis,   1284 1940 2120 1994   0
290   1284 1940 2120 1994   0
Sixth   1284 1940 2120 1994   0
av.   1284 1940 2120 1994   0
Brush   1284 1998 2087 2053   0
Philander,   1284 1998 2087 2053   0
121   1284 1998 2087 2053   0
Bedford   1284 1998 2087 2053   0
Busteed   1284 2055 2116 2111   0
George   1284 2055 2116 2111   0
W.   1284 2055 2116 2111   0
45   1284 2055 2116 2111   0
William   1284 2055 2116 2111   0
Chase   1287 2170 2086 2216   0
John   1287 2170 2086 2216   0
L.   1287 2170 2086 2216   0
145   1287 2170 2086 2216   0
Hammond   1287 2170 2086 2216   0
Covert   1287 2227 1890 2281   0
Jacob,   1287 2227 1890 2281   0
73   1287 2227 1890 2281   0
Wall   1287 2227 1890 2281   0
Cudbirth   1286 2342 2087 2397   0
Thomas,   1286 2342 2087 2397   0
14   1286 2342 2087 2397   0
Bethune   1286 2342 2087 2397   0
Denham   1283 2456 2083 2514   0
John,   1283 2456 2083 2514   0
124   1283 2456 2083 2514   0
Eighth   1283 2456 2083 2514   0
av.   1283 2456 2083 2514   0
Dickie   1284 2513 2086 2569   0
Patrick,   1284 2513 2086 2569   0
144   1284 2513 2086 2569   0
Chambers   1284 2513 2086 2569   0
Dorland   1284 2571 2086 2617   0
Gilbert   1284 2571 2086 2617   0
E.   1284 2571 2086 2617   0
82   1284 2571 2086 2617   0
Nassau   1284 2571 2086 2617   0
Falconer   1283 2628 2035 2686   0
Edward,   1283 2628 2035 2686   0
5   1283 2628 2035 2686   0
Mangin   1283 2628 2035 2686   0
Fisher   1283 2685 1968 2741   0
Robert,   1283 2685 1968 2741   0
179   1283 2685 1968 2741   0
Essex   1283 2685 1968 2741   0
Folsom   1283 2742 1998 2789   0
Charles   1283 2742 1998 2789   0
J.   1283 2742 1998 2789   0
10   1283 2742 1998 2789   0
Wall   1283 2742 1998 2789   0
Galpin   1285 2858 2026 2914   0
George,   1285 2858 2026 2914   0
335   1285 2858 2026 2914   0
Broome   1285 2858 2026 2914   0
Grey   1286 2972 1959 3031   0
Owen,   1286 2972 1959 3031   0
50   1286 2972 1959 3031   0
Mulberry   1286 2972 1959 3031   0
Hardman   1285 3145 2113 3207   0
Aaron,   1285 3145 2113 3207   0
142   1285 3145 2113 3207   0
Mulberry   1285 3145 2113 3207   0
Health   1286 3260 2068 3314   0
Francis,   1286 3260 2068 3314   0
20   1286 3260 2068 3314   0
Chambers   1286 3260 2068 3314   0
Jacks   1286 3490 1973 3546   0
James,   1286 3490 1973 3546   0
64   1286 3490 1973 3546   0
Ninth   1286 3490 1973 3546   0
av.   1286 3490 1973 3546   0
Hay   322 308 1138 367   1
Peter   322 308 1138 367   1
W.   322 308 1138 367   1
141   322 308 1138 367   1
Seventh   322 308 1138 367   1
av.   322 308 1138 367   1
Hecker   322 425 1117 479   1
&   322 425 1117 479   1
Brothers,   322 425 1117 479   1
483   322 425 1117 479   1
Pearl   322 425 1117 479   1
Hecket   323 480 1091 537   1
John,   323 480 1091 537   1
511   323 480 1091 537   1
Eighth   323 480 1091 537   1
av.   323 480 1091 537   1
Hein   319 595 1063 642   1
Jacob   319 595 1063 642   1
G.   319 595 1063 642   1
146   319 595 1063 642   1
Houston   319 595 1063 642   1
Heiss   319 652 935 707   1
Paul,   319 652 935 707   1
46   319 652 935 707   1
Orchard   319 652 935 707   1
Heissenbuttel   318 708 1196 758   1
Fred.   318 708 1196 758   1
228   318 708 1196 758   1
William   318 708 1196 758   1
Heissenbuttle   316 765 1165 823   1
Christian,   316 765 1165 823   1
48   316 765 1165 823   1
Oak   316 765 1165 823   1
Held   317 823 1053 875   1
Heinrich,   317 823 1053 875   1
252   317 823 1053 875   1
Stanton   317 823 1053 875   1
Herle   317 879 934 938   1
John,   317 879 934 938   1
306   317 879 934 938   1
Eighth   317 879 934 938   1
Hertfelder   315 936 1121 995   1
George,   315 936 1121 995   1
49   315 936 1121 995   1
Jackson   315 936 1121 995   1
Hesler   314 1051 961 1106   1
Jacob,   314 1051 961 1106   1
211   314 1051 961 1106   1
Third   314 1051 961 1106   1
Hill   309 1336 937 1394   1
William,   309 1336 937 1394   1
370   309 1336 937 1394   1
Sixth   309 1336 937 1394   1
Hinsohn   308 1512 1098 1568   1
Ernst,   308 1512 1098 1568   1
32   308 1512 1098 1568   1
Second   308 1512 1098 1568   1
av.   308 1512 1098 1568   1
Hitzelberger   307 1626 1252 1686   1
Christ'r,   307 1626 1252 1686   1
159   307 1626 1252 1686   1
Eighth   307 1626 1252 1686   1
av.   307 1626 1252 1686   1
Hoar   307 1682 1030 1735   1
John   307 1682 1030 1735   1
A.   307 1682 1030 1735   1
95   307 1682 1030 1735   1
Ninth   307 1682 1030 1735   1
av.   307 1682 1030 1735   1
Hoehn   306 1740 913 1795   1
Martin,   306 1740 913 1795   1
6   306 1740 913 1795   1
Pearl   306 1740 913 1795   1
Hoffman   304 1854 1079 1915   1
George,   304 1854 1079 1915   1
25   304 1854 1079 1915   1
Broome   304 1854 1079 1915   1
Holmes   306 1968 942 2028   1
John,   306 1968 942 2028   1
338   306 1968 942 2028   1
Sixth   306 1968 942 2028   1
Homer   303 2081 989 2144   1
Henry,   303 2081 989 2144   1
37   303 2081 989 2144   1
Charles   303 2081 989 2144   1
Horan   299 2252 949 2310   1
John,   299 2252 949 2310   1
472   299 2252 949 2310   1
Fourth   299 2252 949 2310   1
Howe   300 2425 1216 2494   1
Benjamin   300 2425 1216 2494   1
F.   300 2425 1216 2494   1
423   300 2425 1216 2494   1
Broadway   300 2425 1216 2494   1
Hughes   295 2652 1130 2714   1
Henry,   295 2652 1130 2714   1
135   295 2652 1130 2714   1
Hammond   295 2652 1130 2714   1
Humbert   296 2710 1059 2771   1
W.   296 2710 1059 2771   1
B.   296 2710 1059 2771   1
220   296 2710 1059 2771   1
Bowery   296 2710 1059 2771   1
Hunt   296 2823 985 2872   1
E.   296 2823 985 2872   1
D.   296 2823 985 2872   1
135   296 2823 985 2872   1
Ninth   296 2823 985 2872   1
av.   296 2823 985 2872   1
Hunt   293 2880 1091 2938   1
Henry   293 2880 1091 2938   1
G.   293 2880 1091 2938   1
87   293 2880 1091 2938   1
Hammond   293 2880 1091 2938   1
Hunter   293 2937 1068 2992   1
Charles,   293 2937 1068 2992   1
353   293 2937 1068 2992   1
Twelfth   293 2937 1068 2992   1
Hunter   292 2994 1094 3051   1
John,   292 2994 1094 3051   1
128   292 2994 1094 3051   1
Seventh   292 2994 1094 3051   1
av.   292 2994 1094 3051   1
Hunter   292 3051 954 3107   1
John,   292 3051 954 3107   1
208   292 3051 954 3107   1
Av.   292 3051 954 3107   1
A   292 3051 954 3107   1
Huyler   289 3165 908 3224   1
David,   289 3165 908 3224   1
43   289 3165 908 3224   1
Troy   289 3165 908 3224   1
Jackson   289 3222 1072 3275   1
John   289 3222 1072 3275   1
B.   289 3222 1072 3275   1
75   289 3222 1072 3275   1
Sixth   289 3222 1072 3275   1
av.   289 3222 1072 3275   1
Jackson   288 3278 1123 3337   1
William,   288 3278 1123 3337   1
285   288 3278 1123 3337   1
Bleecker   288 3278 1123 3337   1
Johnson   289 3335 1176 3393   1
William,   289 3335 1176 3393   1
451   289 3335 1176 3393   1
Greenwich   289 3335 1176 3393   1
Johnston   288 3392 1065 3445   1
James   288 3392 1065 3445   1
O.   288 3392 1065 3445   1
5   288 3392 1065 3445   1
Market   288 3392 1065 3445   1
Jones   1300 315 2063 375   1
Rebecca,   1300 315 2063 375   1
200   1300 315 2063 375   1
Division   1300 315 2063 375   1
Kael   1300 430 1988 488   1
Charles,   1300 430 1988 488   1
429   1300 430 1988 488   1
Twelfth   1300 430 1988 488   1
Kaiser   1300 487 1974 548   1
Henry,   1300 487 1974 548   1
5   1300 487 1974 548   1
Chrystie   1300 487 1974 548   1
Kearns   1300 544 1913 603   1
John,   1300 544 1913 603   1
220   1300 544 1913 603   1
Mott   1300 544 1913 603   1
Keck   1299 601 1976 660   1
John,   1299 601 1976 660   1
27   1299 601 1976 660   1
Roosevelt   1299 601 1976 660   1
Kelly   1299 659 2001 716   1
James,   1299 659 2001 716   1
79   1299 659 2001 716   1
Beekman   1299 659 2001 716   1
Killian   1298 773 1978 823   1
John   1298 773 1978 823   1
A.   1298 773 1978 823   1
45   1298 773 1978 823   1
Av.   1298 773 1978 823   1
D   1298 773 1978 823   1
Kirk   1297 888 1980 944   1
David,   1297 888 1980 944   1
144   1297 888 1980 944   1
Sixth   1297 888 1980 944   1
av.   1297 888 1980 944   1
Klingler   1297 944 2140 1003   1
Christian,   1297 944 2140 1003   1
136   1297 944 2140 1003   1
Sullivan   1297 944 2140 1003   1
Knapp   1296 1001 2198 1065   1
William,   1296 1001 2198 1065   1
93   1296 1001 2198 1065   1
W.   1296 1001 2198 1065   1
Broadway   1296 1001 2198 1065   1
Knauer   1295 1059 1897 1120   1
John,   1295 1059 1897 1120   1
13   1295 1059 1897 1120   1
King   1295 1059 1897 1120   1
Knobloch   1294 1116 2030 1174   1
Adam,   1294 1116 2030 1174   1
91   1294 1116 2030 1174   1
Hester   1294 1116 2030 1174   1
Kobbe   1294 1173 2163 1224   1
Christian   1294 1173 2163 1224   1
H.   1294 1173 2163 1224   1
144   1294 1173 2163 1224   1
Laurens   1294 1173 2163 1224   1
Koerner   1292 1288 2093 1338   1
John   1292 1288 2093 1338   1
C.   1292 1288 2093 1338   1
260   1292 1288 2093 1338   1
Division   1292 1288 2093 1338   1
Kohler   1291 1345 2007 1407   1
Adam,   1291 1345 2007 1407   1
36   1291 1345 2007 1407   1
Anthony   1291 1345 2007 1407   1
Kollstadt   1291 1459 2041 1516   1
Jacob,   1291 1459 2041 1516   1
26   1291 1459 2041 1516   1
Sullivan   1291 1459 2041 1516   1
Konrad   1290 1516 1999 1572   1
John,   1290 1516 1999 1572   1
104   1290 1516 1999 1572   1
W.   1290 1516 1999 1572   1
30th   1290 1516 1999 1572   1
Kraber   1289 1573 2039 1634   1
Jacob,   1289 1573 2039 1634   1
15   1289 1573 2039 1634   1
Macdougal   1289 1573 2039 1634   1
Kramer   1287 1631 2014 1688   1
George,   1287 1631 2014 1688   1
272   1287 1631 2014 1688   1
Av.   1287 1631 2014 1688   1
A   1287 1631 2014 1688   1
Kunz   1284 1860 2045 1923   1
Daniel,   1284 1860 2045 1923   1
190   1284 1860 2045 1923   1
Eighth   1284 1860 2045 1923   1
av.   1284 1860 2045 1923   1
Landauer   1283 1918 2230 1979   1
Joseph,   1283 1918 2230 1979   1
232   1283 1918 2230 1979   1
&   1283 1918 2230 1979   1
234   1283 1918 2230 1979   1
Stanton   1283 1918 2230 1979   1
Lang   1281 1976 2001 2035   1
Alexander,   1281 1976 2001 2035   1
388   1281 1976 2001 2035   1
Pearl   1281 1976 2001 2035   1
Lang   1281 2034 2099 2094   1
Gotlieb,   1281 2034 2099 2094   1
160   1281 2034 2099 2094   1
Washington   1281 2034 2099 2094   1
Lauer   1279 2207 1884 2266   1
Jacob,   1279 2207 1884 2266   1
25   1279 2207 1884 2266   1
Av.   1279 2207 1884 2266   1
C   1279 2207 1884 2266   1
Lawrence   1278 2320 1978 2369   1
D.   1278 2320 1978 2369   1
F.   1278 2320 1978 2369   1
9   1278 2320 1978 2369   1
Goerck   1278 2320 1978 2369   1
Lediger   1276 2435 1964 2494   1
George,   1276 2435 1964 2494   1
33   1276 2435 1964 2494   1
Av.   1276 2435 1964 2494   1
A   1276 2435 1964 2494   1
Leys   1276 2492 1988 2550   1
James,   1276 2492 1988 2550   1
285   1276 2492 1988 2550   1
Tenth   1276 2492 1988 2550   1
av.   1276 2492 1988 2550   1
Lindemann   1275 2548 2153 2601   1
John   1275 2548 2153 2601   1
H.   1275 2548 2153 2601   1
135   1275 2548 2153 2601   1
W.   1275 2548 2153 2601   1
17th   1275 2548 2153 2601   1
Lockstand   1276 2604 2028 2666   1
James,   1276 2604 2028 2666   1
51   1276 2604 2028 2666   1
Prince   1276 2604 2028 2666   1
Logan   1275 2660 2037 2722   1
Alexander,   1275 2660 2037 2722   1
354   1275 2660 2037 2722   1
Ninth   1275 2660 2037 2722   1
Lozier   1275 2717 2020 2775   1
Sophia,   1275 2717 2020 2775   1
378   1275 2717 2020 2775   1
Bleecker   1275 2717 2020 2775   1
Luttrell   1275 2774 2071 2833   1
William,   1275 2774 2071 2833   1
316   1275 2774 2071 2833   1
W.   1275 2774 2071 2833   1
27th   1275 2774 2071 2833   1
Luxford   1275 2832 2117 2898   1
Edward,   1275 2832 2117 2898   1
180   1275 2832 2117 2898   1
Mulberry   1275 2832 2117 2898   1
Lynch   1274 2888 2214 2945   1
Bartholomew   1274 2888 2214 2945   1
W.   1274 2888 2214 2945   1
8   1274 2888 2214 2945   1
Clarkson   1274 2888 2214 2945   1
McArdal   1274 2945 2059 3006   1
Barney,   1274 2945 2059 3006   1
144   1274 2945 2059 3006   1
Walker   1274 2945 2059 3006   1
McBride   1274 3002 2142 3068   1
Samuel,   1274 3002 2142 3068   1
233   1274 3002 2142 3068   1
Thompson   1274 3002 2142 3068   1
McCann   1273 3059 2073 3122   1
Daniel,   1273 3059 2073 3122   1
84   1273 3059 2073 3122   1
Eighth   1273 3059 2073 3122   1
av.   1273 3059 2073 3122   1
McCanna   1272 3116 1985 3176   1
John,   1272 3116 1985 3176   1
313   1272 3116 1985 3176   1
Water   1272 3116 1985 3176   1
McCormack   1270 3288 2144 3348   1
Thomas,   1270 3288 2144 3348   1
143   1270 3288 2144 3348   1
E.   1270 3288 2144 3348   1
22d   1270 3288 2144 3348   1
McCormick   1270 3344 2176 3402   1
Wm.   1270 3344 2176 3402   1
406   1270 3344 2176 3402   1
Seventh   1270 3344 2176 3402   1
av.   1270 3344 2176 3402   1
McCutcheon   1269 3402 2172 3457   1
Wm.   1269 3402 2172 3457   1
537   1269 3402 2172 3457   1
Greenwich   1269 3402 2172 3457   1
Lawrence   1278 2378 1992 2435   1
E.   1278 2378 1992 2435   1
11½   1278 2378 1992 2435   1
Third   1278 2378 1992 2435   1
av.   1278 2378 1992 2435   1
Mooney   219 479 985 536   2
George,   219 479 985 536   2
302   219 479 985 536   2
W.   219 479 985 536   2
33d   219 479 985 536   2
Moore   220 652 986 710   2
Alonzo,   220 652 986 710   2
176   220 652 986 710   2
Dclancey   220 652 986 710   2
Moore   219 710 891 755   2
D.   219 710 891 755   2
C.   219 710 891 755   2
208   219 710 891 755   2
Monroe   219 710 891 755   2
Moore   220 767 1074 825   2
Hugh,   220 767 1074 825   2
154   220 767 1074 825   2
W.   220 767 1074 825   2
Broadway   220 767 1074 825   2
Moore   220 825 979 880   2
Michael,   220 825 979 880   2
131   220 825 979 880   2
W.   220 825 979 880   2
31st   220 825 979 880   2
Moorhead   226 882 859 928   2
J.   226 882 859 928   2
163   226 882 859 928   2
Grand   226 882 859 928   2
Mootz   222 998 827 1053   2
John,   222 998 827 1053   2
326   222 998 827 1053   2
Pearl   222 998 827 1053   2
Moran   223 1112 938 1168   2
James,   223 1112 938 1168   2
173   223 1112 938 1168   2
Laurens   223 1112 938 1168   2
Moran   224 1170 941 1226   2
William,   224 1170 941 1226   2
295   224 1170 941 1226   2
Av.   224 1170 941 1226   2
A   224 1170 941 1226   2
Morehouse   221 1285 1054 1343   2
Albert,   221 1285 1054 1343   2
158   221 1285 1054 1343   2
Cherry   221 1285 1054 1343   2
Moritz   223 1459 995 1516   2
Carl,   223 1459 995 1516   2
666   223 1459 995 1516   2
Washington   223 1459 995 1516   2
Mott   224 1804 923 1859   2
Charles,   224 1804 923 1859   2
211   224 1804 923 1859   2
Walker   224 1804 923 1859   2
Mott   225 1862 1182 1917   2
John   225 1862 1182 1917   2
G.   225 1862 1182 1917   2
&   225 1862 1182 1917   2
Son,   225 1862 1182 1917   2
122   225 1862 1182 1917   2
Beekman   225 1862 1182 1917   2
Mowbray   223 1919 960 1975   2
Oliver,   223 1919 960 1975   2
44   223 1919 960 1975   2
Fulton   223 1919 960 1975   2
Muhlenbrink   221 2034 1012 2092   2
John,   221 2034 1012 2092   2
13   221 2034 1012 2092   2
Spring   221 2034 1012 2092   2
Mullaly   223 2149 1018 2206   2
Patrick,   223 2149 1018 2206   2
181   223 2149 1018 2206   2
Broome   223 2149 1018 2206   2
Mullane   224 2207 980 2262   2
Patrick,   224 2207 980 2262   2
132   224 2207 980 2262   2
E.   224 2207 980 2262   2
22d   224 2207 980 2262   2
Muller   225 2323 961 2379   2
Henry,   225 2323 961 2379   2
128   225 2323 961 2379   2
Leonard   225 2323 961 2379   2
Muller   224 2552 1089 2601   2
John   224 2552 1089 2601   2
F.   224 2552 1089 2601   2
C.   224 2552 1089 2601   2
119   224 2552 1089 2601   2
Ninth   224 2552 1089 2601   2
av.   224 2552 1089 2601   2
Muller   224 2725 1046 2785   2
William,   224 2725 1046 2785   2
38   224 2725 1046 2785   2
Hamersley   224 2725 1046 2785   2
Mullin   225 2840 1031 2895   2
Edward,   225 2840 1031 2895   2
274   225 2840 1031 2895   2
Tenth   225 2840 1031 2895   2
av.   225 2840 1031 2895   2
Mullin   225 2898 900 2955   2
M.   225 2898 900 2955   2
101   225 2898 900 2955   2
Thompson   225 2898 900 2955   2
Mullins   224 2956 1042 3014   2
Patrick.   224 2956 1042 3014   2
14   224 2956 1042 3014   2
Thompson   224 2956 1042 3014   2
Mulloy   224 3014 941 3070   2
John,   224 3014 941 3070   2
275   224 3014 941 3070   2
First   224 3014 941 3070   2
av.   224 3014 941 3070   2
Mundorf   223 3071 1125 3128   2
George,   223 3071 1125 3128   2
142   223 3071 1125 3128   2
Seventh   223 3071 1125 3128   2
av.   223 3071 1125 3128   2
Murphy   223 3474 982 3531   2
Michael,   223 3474 982 3531   2
75   223 3474 982 3531   2
Market   223 3474 982 3531   2
Murphy   1208 366 2083 422   2
Thomas   1208 366 2083 422   2
S.   1208 366 2083 422   2
15   1208 366 2083 422   2
Elizabeth   1208 366 2083 422   2
Murray   1208 481 2064 538   2
Patrick,   1208 481 2064 538   2
57   1208 481 2064 538   2
Washington   1208 481 2064 538   2
Murray   1209 597 2048 654   2
Thomas,   1209 597 2048 654   2
302   1209 597 2048 654   2
Delancey   1209 597 2048 654   2
Murray   1209 655 2104 711   2
William,   1209 655 2104 711   2
273   1209 655 2104 711   2
Seventh   1209 655 2104 711   2
av.   1209 655 2104 711   2
Myer   1210 828 2027 885   2
Christopher,   1210 828 2027 885   2
125   1210 828 2027 885   2
Walker   1210 828 2027 885   2
Myer   1210 886 1817 943   2
Henry,   1210 886 1817 943   2
65   1210 886 1817 943   2
Av.   1210 886 1817 943   2
C   1210 886 1817 943   2
Myers   1209 1000 2036 1057   2
&   1209 1000 2036 1057   2
Duvenack,   1209 1000 2036 1057   2
213   1209 1000 2036 1057   2
Av.   1209 1000 2036 1057   2
C   1209 1000 2036 1057   2
Nagle   1210 1116 1783 1172   2
Martin,   1210 1116 1783 1172   2
53   1210 1116 1783 1172   2
Oak   1210 1116 1783 1172   2
Nash   1209 1173 1875 1229   2
James,   1209 1173 1875 1229   2
188   1209 1173 1875 1229   2
Monroe   1209 1173 1875 1229   2
Nealis   1210 1230 1872 1288   2
Thomas,   1210 1230 1872 1288   2
63   1210 1230 1872 1288   2
Cross   1210 1230 1872 1288   2
Neumann   1213 1807 2046 1863   2
Louis,   1213 1807 2046 1863   2
346   1213 1807 2046 1863   2
Third   1213 1807 2046 1863   2
av.   1213 1807 2046 1863   2
Neville   1214 1865 2103 1923   2
Thomas,   1214 1865 2103 1923   2
102   1214 1865 2103 1923   2
Washington   1214 1865 2103 1923   2
Newton   1212 2094 1981 2151   2
Nelson,   1212 2094 1981 2151   2
299   1212 2094 1981 2151   2
Hudson   1212 2094 1981 2151   2
Newton   1212 2152 1993 2212   2
Thomas,   1212 2152 1993 2212   2
102   1212 2152 1993 2212   2
Cherry   1212 2152 1993 2212   2
Nicholson   1212 2268 2032 2317   2
J.   1212 2268 2032 2317   2
W.   1212 2268 2032 2317   2
425   1212 2268 2032 2317   2
Ninth   1212 2268 2032 2317   2
av.   1212 2268 2032 2317   2
Nimphius   1211 2556 1930 2612   2
John,   1211 2556 1930 2612   2
123   1211 2556 1930 2612   2
Third   1211 2556 1930 2612   2
Noonan   1210 2843 2023 2898   2
Daniel,   1210 2843 2023 2898   2
92   1210 2843 2023 2898   2
Greenwich   1210 2843 2023 2898   2
Noxon   1208 3010 1927 3064   2
Owen   1208 3010 1927 3064   2
G.   1208 3010 1927 3064   2
193   1208 3010 1927 3064   2
Allen   1208 3010 1927 3064   2
Nushwander   1207 3363 2050 3424   2
Peter,   1207 3363 2050 3424   2
65   1207 3363 2050 3424   2
Forsyth   1207 3363 2050 3424   2