Mooney   219 479 985 536   0
George,   219 479 985 536   0
302   219 479 985 536   0
W.   219 479 985 536   0
33d   219 479 985 536   0
Moore   220 652 986 710   0
Alonzo,   220 652 986 710   0
176   220 652 986 710   0
Dclancey   220 652 986 710   0
Moore   219 710 891 755   0
D.   219 710 891 755   0
C.   219 710 891 755   0
208   219 710 891 755   0
Monroe   219 710 891 755   0
Moore   220 767 1074 825   0
Hugh,   220 767 1074 825   0
154   220 767 1074 825   0
W.   220 767 1074 825   0
Broadway   220 767 1074 825   0
Moore   220 825 979 880   0
Michael,   220 825 979 880   0
131   220 825 979 880   0
W.   220 825 979 880   0
31st   220 825 979 880   0
Moorhead   226 882 859 928   0
J.   226 882 859 928   0
163   226 882 859 928   0
Grand   226 882 859 928   0
Mootz   222 998 827 1053   0
John,   222 998 827 1053   0
326   222 998 827 1053   0
Pearl   222 998 827 1053   0
Moran   223 1112 938 1168   0
James,   223 1112 938 1168   0
173   223 1112 938 1168   0
Laurens   223 1112 938 1168   0
Moran   224 1170 941 1226   0
William,   224 1170 941 1226   0
295   224 1170 941 1226   0
Av.   224 1170 941 1226   0
A   224 1170 941 1226   0
Morehouse   221 1285 1054 1343   0
Albert,   221 1285 1054 1343   0
158   221 1285 1054 1343   0
Cherry   221 1285 1054 1343   0
Moritz   223 1459 995 1516   0
Carl,   223 1459 995 1516   0
666   223 1459 995 1516   0
Washington   223 1459 995 1516   0
Mott   224 1804 923 1859   0
Charles,   224 1804 923 1859   0
211   224 1804 923 1859   0
Walker   224 1804 923 1859   0
Mott   225 1862 1182 1917   0
John   225 1862 1182 1917   0
G.   225 1862 1182 1917   0
&   225 1862 1182 1917   0
Son,   225 1862 1182 1917   0
122   225 1862 1182 1917   0
Beekman   225 1862 1182 1917   0
Mowbray   223 1919 960 1975   0
Oliver,   223 1919 960 1975   0
44   223 1919 960 1975   0
Fulton   223 1919 960 1975   0
Muhlenbrink   221 2034 1012 2092   0
John,   221 2034 1012 2092   0
13   221 2034 1012 2092   0
Spring   221 2034 1012 2092   0
Mullaly   223 2149 1018 2206   0
Patrick,   223 2149 1018 2206   0
181   223 2149 1018 2206   0
Broome   223 2149 1018 2206   0
Mullane   224 2207 980 2262   0
Patrick,   224 2207 980 2262   0
132   224 2207 980 2262   0
E.   224 2207 980 2262   0
22d   224 2207 980 2262   0
Muller   225 2323 961 2379   0
Henry,   225 2323 961 2379   0
128   225 2323 961 2379   0
Leonard   225 2323 961 2379   0
Muller   224 2552 1089 2601   0
John   224 2552 1089 2601   0
F.   224 2552 1089 2601   0
C.   224 2552 1089 2601   0
119   224 2552 1089 2601   0
Ninth   224 2552 1089 2601   0
av.   224 2552 1089 2601   0
Muller   224 2725 1046 2785   0
William,   224 2725 1046 2785   0
38   224 2725 1046 2785   0
Hamersley   224 2725 1046 2785   0
Mullin   225 2840 1031 2895   0
Edward,   225 2840 1031 2895   0
274   225 2840 1031 2895   0
Tenth   225 2840 1031 2895   0
av.   225 2840 1031 2895   0
Mullin   225 2898 900 2955   0
M.   225 2898 900 2955   0
101   225 2898 900 2955   0
Thompson   225 2898 900 2955   0
Mullins   224 2956 1042 3014   0
Patrick.   224 2956 1042 3014   0
14   224 2956 1042 3014   0
Thompson   224 2956 1042 3014   0
Mulloy   224 3014 941 3070   0
John,   224 3014 941 3070   0
275   224 3014 941 3070   0
First   224 3014 941 3070   0
av.   224 3014 941 3070   0
Mundorf   223 3071 1125 3128   0
George,   223 3071 1125 3128   0
142   223 3071 1125 3128   0
Seventh   223 3071 1125 3128   0
av.   223 3071 1125 3128   0
Murphy   223 3474 982 3531   0
Michael,   223 3474 982 3531   0
75   223 3474 982 3531   0
Market   223 3474 982 3531   0
Murphy   1208 366 2083 422   0
Thomas   1208 366 2083 422   0
S.   1208 366 2083 422   0
15   1208 366 2083 422   0
Elizabeth   1208 366 2083 422   0
Murray   1208 481 2064 538   0
Patrick,   1208 481 2064 538   0
57   1208 481 2064 538   0
Washington   1208 481 2064 538   0
Murray   1209 597 2048 654   0
Thomas,   1209 597 2048 654   0
302   1209 597 2048 654   0
Delancey   1209 597 2048 654   0
Murray   1209 655 2104 711   0
William,   1209 655 2104 711   0
273   1209 655 2104 711   0
Seventh   1209 655 2104 711   0
av.   1209 655 2104 711   0
Myer   1210 828 2027 885   0
Christopher,   1210 828 2027 885   0
125   1210 828 2027 885   0
Walker   1210 828 2027 885   0
Myer   1210 886 1817 943   0
Henry,   1210 886 1817 943   0
65   1210 886 1817 943   0
Av.   1210 886 1817 943   0
C   1210 886 1817 943   0
Myers   1209 1000 2036 1057   0
&   1209 1000 2036 1057   0
Duvenack,   1209 1000 2036 1057   0
213   1209 1000 2036 1057   0
Av.   1209 1000 2036 1057   0
C   1209 1000 2036 1057   0
Nagle   1210 1116 1783 1172   0
Martin,   1210 1116 1783 1172   0
53   1210 1116 1783 1172   0
Oak   1210 1116 1783 1172   0
Nash   1209 1173 1875 1229   0
James,   1209 1173 1875 1229   0
188   1209 1173 1875 1229   0
Monroe   1209 1173 1875 1229   0
Nealis   1210 1230 1872 1288   0
Thomas,   1210 1230 1872 1288   0
63   1210 1230 1872 1288   0
Cross   1210 1230 1872 1288   0
Neumann   1213 1807 2046 1863   0
Louis,   1213 1807 2046 1863   0
346   1213 1807 2046 1863   0
Third   1213 1807 2046 1863   0
av.   1213 1807 2046 1863   0
Neville   1214 1865 2103 1923   0
Thomas,   1214 1865 2103 1923   0
102   1214 1865 2103 1923   0
Washington   1214 1865 2103 1923   0
Newton   1212 2094 1981 2151   0
Nelson,   1212 2094 1981 2151   0
299   1212 2094 1981 2151   0
Hudson   1212 2094 1981 2151   0
Newton   1212 2152 1993 2212   0
Thomas,   1212 2152 1993 2212   0
102   1212 2152 1993 2212   0
Cherry   1212 2152 1993 2212   0
Nicholson   1212 2268 2032 2317   0
J.   1212 2268 2032 2317   0
W.   1212 2268 2032 2317   0
425   1212 2268 2032 2317   0
Ninth   1212 2268 2032 2317   0
av.   1212 2268 2032 2317   0
Nimphius   1211 2556 1930 2612   0
John,   1211 2556 1930 2612   0
123   1211 2556 1930 2612   0
Third   1211 2556 1930 2612   0
Noonan   1210 2843 2023 2898   0
Daniel,   1210 2843 2023 2898   0
92   1210 2843 2023 2898   0
Greenwich   1210 2843 2023 2898   0
Noxon   1208 3010 1927 3064   0
Owen   1208 3010 1927 3064   0
G.   1208 3010 1927 3064   0
193   1208 3010 1927 3064   0
Allen   1208 3010 1927 3064   0
Nushwander   1207 3363 2050 3424   0
Peter,   1207 3363 2050 3424   0
65   1207 3363 2050 3424   0
Forsyth   1207 3363 2050 3424   0